# Created by Octave 10.1.0, Wed Jul 09 20:05:46 2025 -03 <mf@mdell>
# name: juroExp
# type: matrix
# rows: 3
# columns: 101
 0 0.10000000000000001 0.20000000000000001 0.29999999999999999 0.40000000000000002 0.5 0.59999999999999998 0.69999999999999996 0.80000000000000004 0.90000000000000002 1 1.1000000000000001 1.2 1.3 1.3999999999999999 1.5 1.6000000000000001 1.7 1.8 1.8999999999999999 2 2.1000000000000001 2.2000000000000002 2.2999999999999998 2.3999999999999999 2.5 2.6000000000000001 2.7000000000000002 2.7999999999999998 2.8999999999999999 3 3.1000000000000001 3.2000000000000002 3.2999999999999998 3.3999999999999999 3.5 3.6000000000000001 3.7000000000000002 3.7999999999999998 3.8999999999999999 4 4.0999999999999996 4.2000000000000002 4.2999999999999998 4.4000000000000004 4.5 4.5999999999999996 4.7000000000000002 4.7999999999999998 4.9000000000000004 5 5.0999999999999996 5.2000000000000002 5.2999999999999998 5.4000000000000004 5.5 5.5999999999999996 5.7000000000000002 5.7999999999999998 5.9000000000000004 6 6.0999999999999996 6.2000000000000002 6.2999999999999998 6.4000000000000004 6.5 6.5999999999999996 6.7000000000000002 6.7999999999999998 6.9000000000000004 7 7.0999999999999996 7.2000000000000002 7.2999999999999998 7.4000000000000004 7.5 7.5999999999999996 7.7000000000000002 7.7999999999999998 7.9000000000000004 8 8.0999999999999996 8.1999999999999993 8.3000000000000007 8.4000000000000004 8.5 8.5999999999999996 8.6999999999999993 8.8000000000000007 8.9000000000000004 9 9.0999999999999996 9.1999999999999993 9.3000000000000007 9.4000000000000004 9.5 9.5999999999999996 9.6999999999999993 9.8000000000000007 9.9000000000000004 10
 127.633889 158.45756700000001 113.16990800000001 171.83067299999999 118.188267 132.16348500000001 171.89895100000001 218.604331 148.70277200000001 171.865768 177.56224800000001 172.32396600000001 143.31292500000001 226.96356800000001 178.09533400000001 209.34957399999999 200.03728100000001 248.72322700000001 177.34439900000001 199.41336799999999 180.95138600000001 221.23624000000001 257.047934 218.932446 241.083755 192.26101600000001 253.60307900000001 215.04738399999999 289.31686200000001 259.69502299999999 289.40501399999999 246.52848800000001 314.63664699999998 250.28875600000001 240.507935 296.08639099999999 288.08064899999999 335.36322899999999 317.89677699999999 349.343884 347.056603 321.90412800000001 366.02468099999999 337.67611099999999 327.30887799999999 327.82721600000002 370.13246099999998 332.829475 403.76463999999999 423.07376399999998 350.16832499999998 383.08483999999999 411.72389500000003 428.23575899999997 448.99327599999998 426.98706900000002 473.41373299999998 510.90013800000003 516.30816500000003 498.35963500000003 453.53128500000003 507.546043 481.58899000000002 528.23426600000005 555.78942099999995 596.30367699999999 582.84299699999997 552.24145499999997 615.97062100000005 655.63086299999998 582.63530500000002 644.44671500000004 656.05544299999997 661.15044799999998 652.19939399999998 702.034448 750.41259200000002 689.23963200000003 703.78002200000003 739.31105100000002 764.03503899999998 803.84255499999995 809.60166700000002 862.59520899999995 864.43319099999997 854.65476899999999 939.13158499999997 924.29054799999994 947.94595600000002 1011.58377 989.50452800000005 1002.53776 1088.8030000000001 1030.8602900000001 1098.7236600000001 1167.5410999999999 1147.9569899999999 1160.3128400000001 1252.68211 1231.60572 1302.7961700000001
 7.4342963500000003 9.2296843800000001 6.5918122600000002 10.0086282 6.88411682 7.6981319099999999 10.012605199999999 12.7330554 8.6614964400000005 10.010672400000001 10.342475500000001 10.0373611 8.3475538 13.2199562 10.373526200000001 12.1939932 11.651579699999999 14.487392 10.329786500000001 11.6152386 10.539882800000001 12.886356299999999 14.972281499999999 12.752167099999999 14.0424153 11.198635299999999 14.7716289 12.525873799999999 16.851851100000001 15.126466600000001 16.856985699999999 14.359554899999999 18.3266536 14.578579400000001 14.0088755 17.2461561 16.779845300000002 19.533915700000001 18.516546600000002 20.348247499999999 20.2150201 18.7499629 21.319854599999999 19.6686342 19.064773599999999 19.094965299999998 21.5591206 19.386331999999999 23.518095500000001 24.642794800000001 20.3962687 22.3135583 23.9816985 24.943465799999998 26.152529699999999 24.870733300000001 27.574949100000001 29.758421200000001 30.073422799999999 29.027974 26.416855300000002 29.5630551 28.0511336 30.7680829 32.373089100000001 34.732924599999997 33.948879900000001 32.166430599999998 35.878465900000002 38.188557699999997 33.936782399999998 37.537114199999998 38.213288200000001 38.510057199999999 37.988684800000001 40.891429199999997 43.7093129 40.146169 40.993103699999999 43.062680999999998 44.502780100000003 46.821450200000001 47.156901400000002 50.243618400000003 50.3506754 49.781111299999999 54.701635799999998 53.837189299999999 55.215046800000003 58.921761199999999 57.635710699999997 58.394857899999998 63.419552799999998 60.044561399999999 63.9974019 68.005814200000003 66.865097700000007 67.584789400000005 72.965026100000003 71.737388699999997 75.884021799999999


