
 p1=[0.3036; 0.1960];
 p2=[0.6168; 0.2977];
 p3=[0.7128; 0.4169];
 p4=[0.7120; 0.1960];
 p5=[0.9377; 0.2620];
 p6=[0.7120; 0.5680];
 p7=[0.3989; 0.6697];
 p8=[0.3028; 0.7889];
 p9=[0.3036; 0.5680];
 p10=[0.5293; 0.5020];

